0 0.2611111111111111 
1 0.2715873015873016 
2 0.2761904761904762 
3 0.27634920634920634 
4 0.2788888888888889 
5 0.2787301587301587 
6 0.2734920634920635 
7 0.2804761904761905 
8 0.28 
9 0.2819047619047619 
10 0.28095238095238095 
11 0.28 
12 0.28476190476190477 
13 0.2842857142857143 
14 0.28444444444444444 
15 0.28634920634920635 
16 0.2850793650793651 
17 0.28746031746031747 
18 0.286031746031746 
19 0.2807936507936508 
20 0.2873015873015873 
0 0.9573015873015873 
1 0.9584126984126984 
2 0.96 
3 0.9611111111111111 
4 0.9607936507936508 
5 0.9626984126984127 
6 0.9636507936507936 
7 0.9628571428571429 
8 0.9650793650793651 
9 0.9646031746031746 
10 0.964920634920635 
11 0.9644444444444444 
12 0.9636507936507936 
13 0.9668253968253968 
14 0.9658730158730159 
15 0.966031746031746 
16 0.964920634920635 
17 0.964920634920635 
18 0.9655555555555555 
19 0.9650793650793651 
20 0.9657142857142857 
21 0.966031746031746 
22 0.9665079365079365 
23 0.9666666666666667 
0 0.9647619047619047 
1 0.9668253968253968 
2 0.9655555555555555 
3 0.9668253968253968 
4 0.9657142857142857 
5 0.9674603174603175 
6 0.9665079365079365 
7 0.966984126984127 
8 0.9663492063492064 
9 0.9658730158730159 
10 0.966031746031746 
11 0.9655555555555555 
12 0.966031746031746 
13 0.9658730158730159 
14 0.966031746031746 
15 0.9658730158730159 
16 0.9652380952380952 
17 0.9674603174603175 
18 0.9663492063492064 
19 0.9666666666666667 
20 0.9668253968253968 
21 0.9665079365079365 
22 0.9663492063492064 
23 0.9677777777777777 
24 0.9677777777777777 
25 0.967936507936508 
26 0.9680952380952381 
27 0.967936507936508 
28 0.9674603174603175 
29 0.9680952380952381 
30 0.967936507936508 
31 0.9671428571428572 
32 0.9685714285714285 
33 0.9684126984126984 
34 0.9666666666666667 
35 0.967936507936508 
36 0.9674603174603175 
37 0.9684126984126984 
38 0.966031746031746 
39 0.9676190476190476 
40 0.9668253968253968 
41 0.967936507936508 
42 0.9677777777777777 
43 0.9674603174603175 
44 0.967936507936508 
45 0.9684126984126984 
46 0.9684126984126984 
47 0.9680952380952381 
48 0.9684126984126984 
49 0.9673015873015873 
