0 0.7647619047619048 
1 0.8049206349206349 
2 0.8365079365079365 
3 0.8611111111111112 
4 0.8622222222222222 
5 0.8685714285714285 
6 0.8709523809523809 
7 0.8855555555555555 
8 0.8814285714285715 
9 0.883968253968254 
10 0.8944444444444445 
11 0.893015873015873 
12 0.8814285714285715 
13 0.8980952380952381 
14 0.8885714285714286 
15 0.8890476190476191 
16 0.9007936507936508 
17 0.9052380952380953 
18 0.8926984126984127 
19 0.9003174603174603 
20 0.919047619047619 
21 0.9198412698412698 
22 0.9204761904761904 
23 0.9203174603174603 
24 0.9192063492063492 
25 0.9198412698412698 
26 0.9207936507936508 
27 0.9192063492063492 
28 0.9215873015873016 
29 0.9196825396825397 
30 0.9212698412698412 
31 0.92 
32 0.9187301587301587 
33 0.9217460317460318 
34 0.9212698412698412 
35 0.9207936507936508 
36 0.9201587301587302 
37 0.9187301587301587 
38 0.9212698412698412 
39 0.9223809523809524 
40 0.9214285714285714 
41 0.9211111111111111 
42 0.9204761904761904 
43 0.9204761904761904 
44 0.9203174603174603 
45 0.9204761904761904 
46 0.9211111111111111 
47 0.9195238095238095 
48 0.9195238095238095 
49 0.92 
0 0.8798412698412699 
1 0.9206349206349206 
2 0.936984126984127 
3 0.9426984126984127 
4 0.9474603174603174 
5 0.9473015873015873 
6 0.9458730158730159 
7 0.947936507936508 
8 0.949047619047619 
9 0.9495238095238095 
10 0.9536507936507936 
11 0.9506349206349206 
12 0.9553968253968254 
13 0.9485714285714286 
14 0.9449206349206349 
15 0.9468253968253968 
16 0.9423809523809524 
17 0.9476190476190476 
18 0.9482539682539682 
19 0.9506349206349206 
20 0.9552380952380952 
21 0.9558730158730159 
22 0.9563492063492064 
23 0.9569841269841269 
24 0.9568253968253968 
25 0.9574603174603175 
26 0.9582539682539682 
27 0.9582539682539682 
28 0.9582539682539682 
29 0.9580952380952381 
30 0.9576190476190476 
31 0.9584126984126984 
32 0.9588888888888889 
33 0.9587301587301588 
34 0.9595238095238096 
35 0.957936507936508 
36 0.9588888888888889 
37 0.959047619047619 
38 0.9595238095238096 
39 0.9592063492063492 
40 0.9592063492063492 
41 0.96 
42 0.9603174603174603 
43 0.9598412698412698 
44 0.9606349206349206 
45 0.9604761904761905 
46 0.9601587301587302 
47 0.9601587301587302 
48 0.9595238095238096 
49 0.9595238095238096 
